0.046955 4.716745 0.438908
0.187898 4.815827 0.235004
0.201075 4.410629 0.467597
0.202184 5.506326 0.581094
0.391878 5.027156 0.224377
0.602255 5.255006 0.388079
0.641475 5.244953 0.396021
0.710361 5.512473 0.386126
0.871293 5.243868 0.211541
0.939405 5.813361 0.576375
0.960984 5.890250 0.323563
0.971013 5.774522 0.523204
1.020448 5.625518 0.449740
1.103751 5.852039 0.248718
1.182744 6.089334 0.506899
1.187277 5.063524 0.298253
1.201966 6.958746 0.540552
1.289263 6.119332 0.390636
1.317979 5.635617 0.540868
1.381830 5.861903 0.446266
1.433533 6.303568 0.462627
1.589696 6.151559 0.350662
1.613095 5.036001 0.578042
1.831914 7.245141 0.421995
1.965824 6.439887 0.311928
2.088768 6.977906 0.403197
2.103826 6.502023 0.109597
2.444256 7.218496 0.250787
2.532916 7.022840 0.430087
2.645556 7.133357 0.245039
2.653895 6.562904 0.409008
2.828070 7.501817 0.314384
2.894061 7.286254 0.167737
2.961402 7.545395 0.249141
3.154284 7.123910 0.384982
3.179832 7.194658 0.395436
3.185690 8.281258 0.387163
3.595079 7.244106 0.426600
3.637108 7.669909 0.426052
3.687252 8.124366 0.315709
3.834415 7.929391 0.548273
4.142630 8.272404 0.283781
4.146619 7.982967 0.317932
4.236548 8.379447 0.545962
4.370320 7.620430 0.503097
4.375872 9.031287 0.451944
4.386015 8.271773 0.150113
4.561503 8.040404 0.559741
4.614794 8.765713 0.457121
4.663108 8.221165 0.599424
4.686512 8.281757 0.174724
5.218483 8.194630 0.534063
5.232481 9.050104 0.181246
5.288949 8.901641 0.407780
5.448832 9.064976 0.161910
5.488135 9.680843 0.524004
5.666015 8.681974 0.503659
5.680446 8.979352 0.384550
5.684339 9.146408 0.303592
5.701968 9.289174 0.134583
5.759465 9.300676 0.448714
5.865129 9.305100 0.326771
6.027634 9.492314 0.461028
6.048455 9.479127 0.533191
6.120957 9.167763 0.587761
6.169340 9.197825 0.527902
6.176355 9.661326 0.105857
6.399210 9.549961 0.279989
6.458941 9.306041 0.464995
6.531083 9.840284 0.185815
6.563296 9.865630 0.360518
6.667667 10.287736 0.127169
6.674104 9.864639 0.199998
6.706379 10.132846 0.109261
6.818203 10.484892 0.496849
6.924721 9.941529 0.211962
6.976312 10.443081 0.272676
7.151894 9.696163 0.564041
7.163272 9.169957 0.452207
7.392636 10.614761 0.115919
7.742337 10.486571 0.182347
7.781568 11.021392 0.410739
7.805292 10.588152 0.388614
7.917250 11.301290 0.218946
7.991586 11.599648 0.567107
8.209932 10.972929 0.406983
8.289400 10.964052 0.367816
8.326198 10.765143 0.394955
8.379449 11.079531 0.465061
8.700121 11.453328 0.255972
8.917730 11.579214 0.299111
9.255966 11.974087 0.204922
9.292962 12.081432 0.193097
9.437481 12.278178 0.572186
9.446689 11.726041 0.469775
9.636628 11.731103 0.345229
9.764595 12.615056 0.213707
9.767611 12.169080 0.227178
9.786183 12.255482 0.129015
9.883738 12.247478 0.317208
